lat: 47.4454967
lng: 9.1077643
